start_time : 2025-05-23 14:07:12.694756
end_time : 2025-05-23 14:08:22.314145
run_time : 0:01:09.619389