start_time : 2025-05-22 18:37:32.726700
end_time : 2025-05-22 18:38:38.484914
run_time : 0:01:05.758214