start_time : 2025-05-23 20:20:19.254685
end_time : 2025-05-23 20:21:24.814454
run_time : 0:01:05.559769