start_time : 2025-05-22 18:00:51.390787
end_time : 2025-05-22 18:02:03.949078
run_time : 0:01:12.558291