start_time : 2025-05-22 16:41:26.263771
end_time : 2025-05-22 16:42:35.074471
run_time : 0:01:08.810700