start_time : 2025-05-21 18:12:19.366831
end_time : 2025-05-21 18:13:26.497631
run_time : 0:01:07.130800